20
5
8 9
1 9
9 4
4 5
10 10
10
9 10
3 6
1 1
5 7
10 5
3 3
10 4
6 6
2 9
7 1
9
5 8
6 8
4 10
4 7
1 2
5 2
4 1
9 8
8 8
9
3 5
2 5
5 3
3 4
3 9
1 9
8 7
3 6
1 8
4
9 10
1 8
6 6
8 10
7
2 5
1 5
6 4
10 7
8 10
3 8
2 6
8
7 7
10 4
3 10
3 7
5 3
6 2
7 8
9 3
8
9 4
6 4
1 2
10 2
2 6
6 10
2 5
9 2
7
2 7
6 2
4 2
9 4
9 3
2 7
8 2
6
2 8
6 2
5 9
10 2
5 4
9 2
6
1 7
8 10
2 10
9 5
3 4
7 3
7
6 9
6 5
6 9
8 6
9 5
4 10
2 3
8
1 9
6 4
5 3
7 7
8 5
7 3
3 9
2 3
4
5 4
9 4
2 1
3 8
4
10 8
10 9
9 7
10 9
5
2 2
1 9
4 5
6 6
7 5
4
7 2
6 4
4 2
8 4
8
7 9
3 8
10 7
6 10
9 7
7 1
4 1
1 6
6
10 9
2 3
5 4
5 10
4 1
3 5
3
5 1
10 1
2 7
